arch:1
gen qx5 graph
Circuit name: test.qasm (requires 16 qubits)

Before mapping: 
  elementary gates: 90
  depth: 34
layer:0-------------------------Beg
1 0 2 3 4 5 6 7 8 9 10 11 12 13 14 15 layer:0-------------------------End
layer:1-------------------------Beg
1 0 2 3 4 5 6 7 8 9 10 11 12 13 14 15 layer:1-------------------------End
layer:2-------------------------Beg
1 0 2 3 4 5 6 7 8 9 10 11 12 13 14 15 layer:2-------------------------End
layer:3-------------------------Beg
1 0 2 3 4 5 6 7 8 9 10 11 12 13 14 15 layer:3-------------------------End
layer:4-------------------------Beg
2 0 1 3 4 5 6 7 8 9 10 11 12 13 14 15 layer:4-------------------------End
layer:5-------------------------Beg
2 0 1 3 4 5 6 7 8 9 10 11 12 13 14 15 layer:5-------------------------End
layer:6-------------------------Beg
3 1 0 2 4 5 6 7 8 9 10 11 12 13 14 15 layer:6-------------------------End
layer:7-------------------------Beg
3 1 0 2 4 5 6 7 8 9 10 11 12 13 14 15 layer:7-------------------------End
layer:8-------------------------Beg
4 2 0 1 3 5 6 7 8 9 10 11 12 13 14 15 layer:8-------------------------End
layer:9-------------------------Beg
4 2 0 1 3 5 6 7 8 9 10 11 12 13 14 15 layer:9-------------------------End
layer:10-------------------------Beg
5 3 1 0 2 4 6 7 8 9 10 11 12 13 14 15 layer:10-------------------------End
layer:11-------------------------Beg
5 3 1 0 2 4 6 7 8 9 10 11 12 13 14 15 layer:11-------------------------End
layer:12-------------------------Beg
6 4 2 0 1 3 5 7 8 9 10 11 12 13 14 15 layer:12-------------------------End
layer:13-------------------------Beg
6 4 2 0 1 3 5 7 8 9 10 11 12 13 14 15 layer:13-------------------------End
layer:14-------------------------Beg
7 5 3 1 0 2 4 6 8 9 10 11 12 13 14 15 layer:14-------------------------End
layer:15-------------------------Beg
7 5 3 1 0 2 4 6 8 9 10 11 12 13 14 15 layer:15-------------------------End
layer:16-------------------------Beg
8 6 4 2 0 1 3 5 7 9 10 11 12 13 14 15 layer:16-------------------------End
layer:17-------------------------Beg
8 6 4 2 0 1 3 5 7 9 10 11 12 13 14 15 layer:17-------------------------End
layer:18-------------------------Beg
8 7 5 3 1 0 2 4 6 10 9 11 12 13 14 15 layer:18-------------------------End
layer:19-------------------------Beg
8 7 5 3 1 0 2 4 6 10 9 11 12 13 14 15 layer:19-------------------------End
layer:20-------------------------Beg
8 10 6 4 2 0 1 3 5 7 9 11 12 13 14 15 layer:20-------------------------End
layer:21-------------------------Beg
8 10 6 4 2 0 1 3 5 7 9 11 12 13 14 15 layer:21-------------------------End
layer:22-------------------------Beg
8 10 5 6 3 15 1 2 4 7 9 11 12 13 14 0 layer:22-------------------------End
layer:23-------------------------Beg
8 10 5 6 3 15 1 2 4 7 9 11 12 13 14 0 layer:23-------------------------End
layer:24-------------------------Beg
8 10 4 5 6 15 1 2 14 7 9 11 12 13 3 0 layer:24-------------------------End
layer:25-------------------------Beg
8 10 4 5 6 15 1 2 14 7 9 11 12 13 3 0 layer:25-------------------------End
layer:26-------------------------Beg
8 10 5 6 7 13 1 15 2 4 9 11 12 14 3 0 layer:26-------------------------End
layer:27-------------------------Beg
8 10 5 6 7 13 1 15 2 4 9 11 12 14 3 0 layer:27-------------------------End
layer:28-------------------------Beg
8 10 5 6 7 13 2 15 0 3 9 11 12 14 4 1 layer:28-------------------------End
layer:29-------------------------Beg
8 10 5 6 7 13 2 15 0 3 9 11 12 14 4 1 layer:29-------------------------End
layer:30-------------------------Beg
8 10 5 6 7 13 3 15 0 2 9 11 12 14 4 1 layer:30-------------------------End
layer:31-------------------------Beg
8 10 5 6 7 13 3 15 0 2 9 11 12 14 4 1 layer:31-------------------------End
layer:32-------------------------Beg
8 10 5 6 7 13 3 15 1 2 9 11 12 14 4 0 layer:32-------------------------End
layer:33-------------------------Beg
8 10 5 6 7 13 3 15 1 2 9 11 12 14 4 0 layer:33-------------------------End

After mapping (no post mapping optimizations are conducted): 
  elementary gates: 531
  depth: 152

The mapping required 0.041171 seconds

Initial mapping of the logical qubits (q) to the physical qubits (Q) of the IBM QX5 architecture: 
  q0 is initially mapped to Q1
  q1 is initially mapped to Q0
  q2 is initially mapped to Q2
  q3 is initially mapped to Q3
  q4 is initially mapped to Q4
  q5 is initially mapped to Q5
  q6 is initially mapped to Q6
  q7 is initially mapped to Q7
  q8 is initially mapped to Q8
  q9 is initially mapped to Q9
  q10 is initially mapped to Q10
  q11 is initially mapped to Q11
  q12 is initially mapped to Q12
  q13 is initially mapped to Q13
  q14 is initially mapped to Q14
  q15 is initially mapped to Q15
